364335
364045
364329
364328
364327
364289
364191
364063
364062
364061
364054
364050
364048
364047
364040
364044
364041
364039
364038
364036
364035
364033
364032
364031
364028
361816
361550
352970
361649
363894
363860
363736
363735
363729
363695
363634
363633
363566
363565
363399
363299
363134
363167
363101
362870
362773
362772
362746
362742
362739
362726
362725
362718
362717
362714
362712
362711
362707
362706
362675
362617
362612
362607
362601
362600
362597
362585
362582
362581
362580
362579
362578
362577
362576
362575
362574
362573
360696
362541
362507
362441
362311
362309
362277
362244
362145
361980
357632
357631
360718
361822
361820
361715
361419
361188
361187
361166
361165
361159
361156
361155
361089
361088
361056
360989
360923
360891
360890
360857
360717
360715
360712
360711
360708
360707
341778
360705
360704
360703
360693
360694
360692
360561
360562
360528
360346
360343
360342
360336
360334
360316
360314
360306
359843
359769
358482
357692
357646
357629
357627
357591
341712
355709
355676
354564
354531
354530
354464
354398
354116
354046
354045
353860
353859
353098
352829
352828
352819
352818
352817
352816
352813
352801
352767
352708
352704
352702
352669
352643
352633
352630
352627
352626
352625
352012
351425
351424
351423
351415
351414
351413
351406
351400
351399
351382
351381
351380
351367
351366
351365
351014
349455
348753
347817
344715
341813
341781
341352
337786
336894
335960
329129
324256
324156
320130
363636
364339
364568
364567
364566
364564
364565
364563
364560
364487
364652
364619
364569
364752
364920
364919
364884
364851
364784
364756
364755
364921
364946
364943
364941
364940
364939
364924
364938
364937
364923
364922
364949
364945
365015
365115
365114
360100
365081
364557
364555
365183
365197
365193
365192
365190
365188
365187
365186
365246
365247
365249
365280
365379
365513
364561
365609
365611
365610
365853
365850
365842
365774
365708
361979
366005
365974
365973
365972
366008
366007
366006
366086
366079
366076
366075
366073
366072
366567
366566
366534
366533
366436
366435
366434
366370
366339
366698
366665
366731
366863
366830
367098
367097
367096
367094
366963
366962
367218
367217
367216
367215
367212
367209
367201
367207
367206
367205
367204
367202
367197
367200
367199
367196
367193
367277
367198
367260
367259
367223
367219
367325
367292
367326
367327
367331
367330
367329
367328
367336
367335
367334
367359
367361
367360
367364
367367
367372
367405
367404
367403
367402
367401
367400
367399
367394
367391
367609
367606
367604
367603
367602
367600
367596
367595
367593
367591
367524
366500
368057
368056
368055
368054
368052
368051
368020
368019
367985
366965
367859
368136
368135
368134
368133
368132
368131
368119
368117
368397
368396
367406
368219
368389
368386
368385
368384
368383
368565
368564
368563
368562
368560
368558
368555
368554
368553
368552
368551
368682
368680
368679
368678
368647
368645
368622
368615
368612
368561
366269
368816
368815
368813
368681
368812
368811
368810
368809
368808
368804
368943
362596
368920
368919
368183
368917
368915
368914
368956
368957
368958
368961
368962
369008
369009
369110
369107
369096
369095
369094
369093
369092
369091
369090
369089
369083
369114
369115
369116
369117
369118
369119
369121
369152
369147
369146
369077
369075
367721
369141
369156
369158
368415
369169
369170
369308
369307
369272
369340
369344
369342
369343
369470
369473
369475
369503
369505
369504
369474
369569
369570
369635
369636
369637
369638
369640
369641
369643
369734
369735
369736
369737
369738
369739
369740
369646
369759
369758
369757
369756